Klaus 19299318 16112517 40219508 81658145 
Micah 81658145 208312922 10414152 16112517 
Ryan 247943631 16112517 
Mara 30009655 
Samuel 247943631 
Kai 16112517 
Marc 40219508 241173920 81658145 18406335 16112517 79908341 
Bum 208312922 
Carlos 247943631 
Andrea 247943631 201277609 1035496563743842300 
Lynn 81658145 16112517 
Menna 91169926 
Shahid 395853499 247943631 
Rob 91169926 191257554 1085199426837188600 318046158 18406335 1006945298 227831457 84043985 29700681 4597853354 247943631 403626099 2873695769 889998600 
Till 10414152 
Chris 201277609 16112517 247943631 1055379531731796000 40219508 
EVision 19283433 
Michael 16112517 
IDL 16112517 247943631 91169926 136400506 
Holger 81658145 
Nam 247943631 
Alper 30009655 
MViews 16112517 
Hurter 40219508 247943631 
AA 208312922 81658145 10414152 
Ben 19283433 1667081238 
EEyes 16112517 
Teo 395853499 16112517 208312922 
giCentre 2889052877 19283433 1667081238 19299318 188046229 1085199426837188600 1658560038 190726679 16112517 40219508 
James 81658145 1085199426837188600 201277609 2596138699 18325271 16112517 3230388598 1652270612 
Lonni 40219508 1055379531731796000 
Roeland 19299318 208312922 247943631 
T.J. 247943631 16112517 
Steve 10414152 
Nils 81658145 247943631 
Robert 201277609 78865306 1314101 247943631 1873322353 40219508 270431596 19299318 944216617268973600 395853499 1325316703 18406335 81658145 30009655 84043985 18704160 1652270612 318046158 91169926 1556132462 22766040 6146692 21084111 1068137549355515900 19283433 136400506 31638712 
Jack 208312922 81658145 16112517 1873322353 743468486756868100 
Dominik 247943631 
Jan 16112517 
EVis19 208312922 4058687172 201277609 40219508 19283433 2527017636 30009655 19299318 1035496563743842300 81658145 
Anna 2527017636 40219508 81658145 
Jessica 247943631 16112517 
Lace 247943631 
Krist 208312922 247943631 16112517 
Alex 91169926 10414152 30009655 241173920 84043985 191257554 16557883 6146692 201277609 395853499 85844572 270431596 16112517 1652270612 446672281 2527017636 19299318 1085199426837188600 909697437694087200 92951551 701375574 40219508 
Sereno 78865306 2924711485 
Fritz 81658145 395853499 
Helwig 2527017636 
EVis2018 19299318 81658145 
Nicola 2527017636 81658145 
Noeska 1085199426837188600 19299318 16112517 270431596 2924711485 395853499 78865306 2527017636 4893004803 446672281 19283433 10414152 81658145 
Rina 1085199426837188600 
Viau 208312922 
D3js 208312922 
Jeffrey 16112517 78865306 19299318 79908341 4893004803 2889052877 1035496563743842300 14905766 318046158 824684769543741400 49457800 711885257549680600 1873322353 1556132462 18704160 1652270612 31638712 9527212 16557883 208312922 136400506 82890309 1667081238 2527017636 44195788 10414152 2873695769 
CSEE 201277609 30009655 
Arvind 247943631 
Jason 247943631 2873695769 40219508 270431596 16112517 2889052877 43953969 19283433 1667081238 1085199426837188600 81658145 909697437694087200 
Mandy 1085199426837188600 247943631 711885257549680600 
Thomas 40219508 446672281 92951551 1085199426837188600 158685605 247943631 81658145 
Wood 19299318 
Matt 247943631 16112517 1873322353 
David 208312922 
Evan 10414152 
Tamara 247943631 10414152 16112517 30009655 81658145 201277609 
Eytan 16112517 
Stef 208312922 
Johan 19299318 19283433 247943631 
Sophie 208312922 
Mirela 19283433 
Jo 10414152 
Jon 1085199426837188600 78865306 16112517 2596138699 81658145 30009655 711885257549680600 1652270612 
Lane 81658145 191257554 84043985 1652270612 36853217 15208867 11493602 14148549 247943631 40219508 
Cagatay 19283433 188046229 19299318 247943631 
SCI 81658145 
